,G,Date,Home/Away,Tm_1_Name,Tm_2_Name,W/L,Tm_1_Score,Tm_2_Score,Tm_1_FG,Tm_1_FGA,Tm_1_FG%,Tm_1_3P,Tm_1_3PA,Tm_1_3P%,Tm_1_FT,Tm_1_FTA,Tm_1_FT%,Tm_1_ORB,Tm_1_TRB,Tm_1_AST,Tm_1_STL,Tm_1_BLK,Tm_1_TOV,Tm_1_PF,Tm_2_FG,Tm_2_FGA,Tm_2_FG%,Tm_2_3P,Tm_2_3PA,Tm_2_3P%,Tm_2_FT,Tm_2_FTA,Tm_2_FT%,Tm_2_ORB,Tm_2_TRB,Tm_2_AST,Tm_2_STL,Tm_2_BLK,Tm_2_TOV,Tm_2_PF,ORtg,DRtg,Pace,FTr,3PAr,TS%,TRB%,AST%,STL%,BLK%,Off_eFG%,Off_TOV%,Off_ORB%,Off_FT/FGA,Def_eFG%,Def_TOV%,Def_DRB%,Def_FT/FGA,Year,Score_Diff,FG_Diff,FGA_Diff,FG%_Diff,3P_Diff,3PA_Diff,3P%_Diff,FT_Diff,FTA_Diff,FT%_Diff,ORB_Diff,TRB_Diff,AST_Diff,STL_Diff,BLK_Diff,TOV_Diff,PF_Diff
0,1,2017-10-19,1,LAL,LAC,2,92,108,37,91,0.407,4,16,0.25,14,23,0.609,12,52,21,8,7,19,15,42,107,0.393,12,33,0.364,12,13,0.923,17,59,23,12,3,14,20,86.9,102.0,105.9,0.253,0.176,0.455,46.8,56.8,7.6,9.5,0.429,15.8,22.2,0.154,0.449,11.0,70.2,0.112,2018,-16,-5,-16,0.013999999999999957,-8,-17,-0.11399999999999999,2,10,-0.31400000000000006,-5,-7,-2,-4,4,5,-5
1,2,2017-10-20,2,LAL,PHO,1,132,130,48,93,0.516,12,26,0.462,24,33,0.727,5,42,22,8,3,18,31,45,92,0.489,14,29,0.483,26,38,0.684,10,50,17,8,9,19,25,112.7,110.9,117.2,0.355,0.28,0.614,45.7,45.8,6.8,4.8,0.581,14.3,11.1,0.258,0.565,14.9,78.7,0.283,2018,2,3,1,0.027000000000000024,-2,-3,-0.020999999999999963,-2,-5,0.04299999999999993,-5,-8,5,0,-6,-1,6
2,3,2017-10-22,1,LAL,NOP,2,112,119,44,90,0.489,9,27,0.333,15,20,0.75,9,38,27,7,6,17,24,47,83,0.566,10,32,0.313,15,21,0.714,6,42,26,14,5,18,20,107.7,114.4,104.0,0.222,0.3,0.567,47.5,61.4,6.7,11.8,0.539,14.7,20.0,0.167,0.627,16.3,82.9,0.181,2018,-7,-3,7,-0.07699999999999996,-1,-5,0.020000000000000018,0,-1,0.03600000000000003,3,-4,1,-7,1,-1,4
3,4,2017-10-25,1,LAL,WAS,1,102,99,41,92,0.446,7,30,0.233,13,16,0.813,6,53,27,9,5,21,26,39,95,0.411,6,26,0.231,15,23,0.652,7,45,20,11,5,13,19,92.1,89.4,100.3,0.174,0.326,0.515,54.1,65.9,8.1,7.2,0.484,17.5,13.6,0.141,0.442,11.0,87.0,0.158,2018,3,2,-3,0.03500000000000003,1,4,0.0020000000000000018,-2,-7,0.16099999999999992,-1,8,7,-2,0,8,7
4,5,2017-10-27,1,LAL,TOR,2,92,101,36,79,0.456,3,23,0.13,17,24,0.708,9,49,20,7,6,21,22,40,93,0.43,7,29,0.241,14,20,0.7,9,40,27,12,4,12,24,91.2,100.1,100.9,0.304,0.291,0.514,55.1,55.6,6.9,9.4,0.475,19.0,22.5,0.215,0.468,10.5,81.6,0.151,2018,-9,-4,-14,0.026000000000000023,-4,-6,-0.11099999999999999,3,4,0.008000000000000007,0,9,-7,-5,2,9,-2
5,6,2017-10-28,2,LAL,UTA,2,81,96,31,81,0.383,5,22,0.227,14,20,0.7,14,39,17,12,4,16,20,37,79,0.468,13,31,0.419,9,13,0.692,14,49,18,9,5,21,20,90.6,107.4,89.4,0.247,0.272,0.451,44.3,54.8,13.4,8.3,0.414,15.1,28.6,0.173,0.551,19.9,64.1,0.114,2018,-15,-6,2,-0.08500000000000002,-8,-9,-0.19199999999999998,5,7,0.008000000000000007,0,-10,-1,3,-1,-5,0
6,7,2017-10-31,1,LAL,DET,1,113,93,45,91,0.495,12,26,0.462,11,14,0.786,11,53,30,9,5,14,14,41,94,0.436,10,33,0.303,1,3,0.333,10,44,21,7,3,12,11,116.0,95.5,97.4,0.154,0.286,0.582,54.6,66.7,9.2,8.2,0.56,12.6,24.4,0.121,0.489,11.2,80.8,0.011,2018,20,4,-3,0.059,2,-7,0.15900000000000003,10,11,0.453,1,9,9,2,2,2,3
7,8,2017-11-02,2,LAL,POR,2,110,113,43,79,0.544,4,18,0.222,20,27,0.741,2,32,16,8,8,11,20,40,86,0.465,9,22,0.409,24,27,0.889,10,41,22,7,4,12,21,112.8,115.9,97.5,0.342,0.228,0.605,43.8,37.2,8.2,12.5,0.57,10.8,6.1,0.253,0.517,10.9,75.0,0.279,2018,-3,3,-7,0.07900000000000001,-5,-4,-0.18699999999999997,-4,0,-0.14800000000000002,-8,-9,-6,1,4,-1,-1
8,9,2017-11-03,1,LAL,BRK,1,124,112,48,94,0.511,9,21,0.429,19,27,0.704,7,57,26,10,7,16,29,37,91,0.407,9,38,0.237,29,38,0.763,8,43,23,8,5,16,22,109.3,98.8,113.4,0.287,0.223,0.586,57.0,54.2,8.8,13.2,0.559,13.1,16.7,0.202,0.456,12.9,86.2,0.319,2018,12,11,3,0.10400000000000004,0,-17,0.192,-10,-11,-0.05900000000000005,-1,14,3,2,2,0,7
9,10,2017-11-05,1,LAL,MEM,1,107,102,40,85,0.471,9,27,0.333,18,23,0.783,8,46,25,5,4,16,16,40,87,0.46,11,37,0.297,11,14,0.786,6,39,23,6,7,12,22,107.8,102.7,99.3,0.271,0.318,0.562,54.1,62.5,5.0,8.0,0.524,14.4,19.5,0.212,0.523,11.4,86.4,0.126,2018,5,0,-2,0.010999999999999954,-2,-10,0.03600000000000003,7,9,-0.0030000000000000027,2,7,2,-1,-3,4,-6
10,11,2017-11-08,2,LAL,BOS,2,96,107,37,85,0.435,5,24,0.208,17,23,0.739,12,48,16,8,8,20,30,38,98,0.388,7,29,0.241,24,31,0.774,16,48,20,8,6,13,20,94.2,105.0,101.9,0.271,0.282,0.505,50.0,43.2,7.8,11.6,0.465,17.4,27.3,0.2,0.423,10.4,69.2,0.245,2018,-11,-1,-13,0.046999999999999986,-2,-5,-0.033,-7,-8,-0.03500000000000003,-4,0,-4,0,2,7,10
11,12,2017-11-09,2,LAL,WAS,2,95,111,31,86,0.36,3,23,0.13,30,41,0.732,17,46,17,9,4,19,19,43,83,0.518,7,21,0.333,18,20,0.9,7,45,20,7,4,19,31,92.7,108.4,102.4,0.477,0.267,0.457,50.5,54.8,8.8,6.5,0.378,15.4,30.9,0.349,0.56,17.1,80.6,0.217,2018,-16,-12,3,-0.15800000000000003,-4,2,-0.203,12,21,-0.16800000000000004,10,1,-3,2,0,0,-12
12,13,2017-11-11,2,LAL,MIL,2,90,98,31,74,0.419,6,22,0.273,22,37,0.595,8,48,21,7,9,21,22,35,85,0.412,6,23,0.261,22,26,0.846,9,42,16,11,4,12,27,90.7,98.8,99.2,0.5,0.297,0.498,53.3,67.7,7.1,14.5,0.459,18.9,19.5,0.297,0.447,11.1,81.6,0.259,2018,-8,-4,-11,0.007000000000000006,0,-1,0.01200000000000001,0,11,-0.251,-1,6,5,-4,5,9,-5
13,14,2017-11-13,2,LAL,PHO,1,100,93,39,92,0.424,14,33,0.424,8,13,0.615,9,53,17,6,6,16,20,37,95,0.389,7,26,0.269,12,20,0.6,11,54,15,6,4,15,17,95.7,89.0,104.5,0.141,0.359,0.512,49.5,43.6,5.7,8.7,0.5,14.1,17.3,0.087,0.426,12.6,80.0,0.126,2018,7,2,-3,0.034999999999999976,7,7,0.15499999999999997,-4,-7,0.015000000000000013,-2,-1,2,0,2,1,3
14,15,2017-11-15,1,LAL,PHI,2,109,115,42,109,0.385,3,27,0.111,22,27,0.815,22,57,18,7,6,9,23,42,86,0.488,7,32,0.219,24,30,0.8,8,52,27,7,15,16,19,103.7,109.4,105.1,0.248,0.248,0.451,52.3,42.9,6.7,11.1,0.399,6.9,33.3,0.202,0.529,13.9,81.4,0.279,2018,-6,0,23,-0.10299999999999998,-4,-5,-0.108,-2,-3,0.014999999999999902,14,5,-9,0,-9,-7,4
15,16,2017-11-17,1,LAL,PHO,2,113,122,45,91,0.495,7,25,0.28,16,24,0.667,9,49,26,7,10,19,20,48,103,0.466,13,32,0.406,13,19,0.684,9,44,28,10,5,13,22,101.7,109.8,111.2,0.264,0.275,0.556,52.7,57.8,6.3,14.1,0.533,15.8,20.5,0.176,0.529,10.5,81.6,0.126,2018,-9,-3,-12,0.02899999999999997,-6,-7,-0.126,3,5,-0.017000000000000015,0,5,-2,-3,5,6,-2
16,17,2017-11-19,1,LAL,DEN,1,127,109,53,100,0.53,12,32,0.375,9,16,0.563,13,46,36,11,5,15,27,36,84,0.429,13,31,0.419,24,35,0.686,17,47,18,8,8,20,15,122.9,105.4,103.4,0.16,0.32,0.593,49.5,67.9,10.6,9.4,0.59,12.3,30.2,0.09,0.506,16.8,66.0,0.286,2018,18,17,16,0.10100000000000003,-1,1,-0.043999999999999984,-15,-19,-0.12300000000000011,-4,-1,18,3,-3,-5,12
17,18,2017-11-21,1,LAL,CHI,1,103,94,36,90,0.4,13,40,0.325,18,25,0.72,12,53,23,7,6,12,16,36,94,0.383,11,36,0.306,11,16,0.688,15,54,22,4,4,14,19,105.0,95.8,98.1,0.278,0.444,0.51,49.5,63.9,7.1,10.3,0.472,10.6,23.5,0.2,0.441,12.2,73.2,0.117,2018,9,0,-4,0.017000000000000015,2,4,0.019000000000000017,7,9,0.03200000000000003,-3,-1,1,3,2,-2,-3
18,19,2017-11-22,2,LAL,SAC,2,102,113,39,78,0.5,15,29,0.517,9,15,0.6,4,32,27,8,4,17,19,47,85,0.553,10,21,0.476,9,14,0.643,10,44,26,9,4,17,20,105.4,116.8,96.8,0.192,0.372,0.603,42.1,69.2,8.3,6.3,0.596,16.7,10.5,0.115,0.612,15.7,73.7,0.106,2018,-11,-8,-7,-0.05300000000000005,5,8,0.041000000000000036,0,1,-0.04300000000000004,-6,-12,1,-1,0,0,-1
19,20,2017-11-27,2,LAL,LAC,2,115,120,44,91,0.484,11,30,0.367,16,24,0.667,12,43,23,10,5,16,29,41,85,0.482,10,28,0.357,28,30,0.933,10,44,19,7,3,17,22,111.7,116.5,103.0,0.264,0.33,0.566,49.4,52.3,9.7,8.8,0.544,13.6,26.1,0.176,0.541,14.8,75.6,0.329,2018,-5,3,6,0.0020000000000000018,1,2,0.010000000000000009,-12,-6,-0.266,2,-1,4,3,2,-1,7
52,21,2017-11-29,1,LAL,GSW,2,123,127,47,95,0.495,9,24,0.375,20,25,0.8,7,34,30,12,5,17,23,47,94,0.5,12,30,0.4,21,28,0.75,12,49,30,10,4,22,19,109.1,112.6,102.1,0.263,0.253,0.58,41.0,63.8,10.6,7.8,0.542,13.8,15.9,0.211,0.564,17.1,69.2,0.223,2018,-4,0,1,-0.0050000000000000044,-3,-6,-0.025000000000000022,-1,-3,0.050000000000000044,-5,-15,0,2,1,-5,4
53,22,2017-12-02,2,LAL,DEN,2,100,115,38,86,0.442,9,30,0.3,15,21,0.714,17,52,21,5,2,21,24,40,87,0.46,12,31,0.387,23,28,0.821,9,39,26,8,6,12,19,101.7,116.9,98.4,0.244,0.349,0.525,57.1,55.3,5.1,3.6,0.494,18.1,36.2,0.174,0.529,10.8,79.5,0.264,2018,-15,-2,-1,-0.018000000000000016,-3,-1,-0.08700000000000002,-8,-7,-0.10699999999999998,8,13,-5,-3,-4,9,5
54,23,2017-12-03,1,LAL,HOU,2,95,118,32,84,0.381,9,28,0.321,22,30,0.733,11,45,16,9,6,20,22,45,90,0.5,14,37,0.378,14,17,0.824,7,43,17,10,4,15,23,92.0,114.3,103.3,0.357,0.333,0.489,51.1,50.0,8.7,11.3,0.435,17.1,23.4,0.262,0.578,13.3,82.9,0.156,2018,-23,-13,-6,-0.119,-5,-9,-0.056999999999999995,8,13,-0.09099999999999997,4,2,-1,-1,2,5,-1
55,24,2017-12-07,2,LAL,PHI,1,107,104,42,96,0.438,11,28,0.393,12,24,0.5,15,44,22,13,7,11,23,39,81,0.481,10,26,0.385,16,21,0.762,7,44,29,3,13,18,26,107.8,104.7,99.3,0.25,0.292,0.502,50.0,52.4,13.1,12.7,0.495,9.4,28.8,0.125,0.543,16.6,80.6,0.198,2018,3,3,15,-0.04299999999999998,1,2,0.008000000000000007,-4,3,-0.262,8,0,-7,10,-6,-7,-3
56,25,2017-12-09,2,LAL,CHO,1,110,99,43,85,0.506,9,27,0.333,15,21,0.714,6,46,24,7,5,14,21,41,93,0.441,8,25,0.32,9,14,0.643,9,43,21,7,3,11,21,110.0,99.0,100.0,0.247,0.318,0.584,51.7,55.8,7.0,7.4,0.559,12.9,15.0,0.176,0.484,10.0,81.6,0.097,2018,11,2,-8,0.065,1,2,0.013000000000000012,6,7,0.07099999999999995,-3,3,3,0,2,3,0
57,26,2017-12-12,2,LAL,NYK,2,109,113,42,102,0.412,13,35,0.371,12,15,0.8,20,52,24,6,6,16,19,48,101,0.475,9,22,0.409,8,11,0.727,15,49,25,7,7,14,16,108.2,112.1,91.3,0.147,0.343,0.502,51.5,57.1,6.0,7.6,0.475,12.8,37.0,0.118,0.52,11.7,68.1,0.079,2018,-4,-6,1,-0.063,4,13,-0.03799999999999998,4,4,0.07300000000000006,5,3,-1,-1,-1,2,3
58,27,2017-12-14,2,LAL,CLE,2,112,121,47,95,0.495,9,31,0.29,9,14,0.643,16,49,33,7,3,18,20,43,86,0.5,15,36,0.417,20,25,0.8,8,39,32,10,5,14,16,110.8,119.7,101.1,0.147,0.326,0.554,55.7,70.2,6.9,6.0,0.542,15.1,34.0,0.095,0.587,12.6,80.5,0.233,2018,-9,4,9,-0.0050000000000000044,-6,-5,-0.127,-11,-11,-0.15700000000000003,8,10,1,-3,-2,4,4
59,28,2017-12-18,1,LAL,GSW,2,114,116,41,92,0.446,10,25,0.4,22,35,0.629,7,45,23,9,9,12,26,43,107,0.402,11,34,0.324,19,21,0.905,15,61,25,6,10,14,26,103.3,105.1,100.0,0.38,0.272,0.531,42.5,56.1,8.2,12.3,0.5,10.1,13.2,0.239,0.453,10.7,71.7,0.178,2018,-2,-2,-15,0.043999999999999984,-1,-9,0.07600000000000001,3,14,-0.276,-8,-16,-2,3,-1,-2,0
60,29,2017-12-20,2,LAL,HOU,1,122,116,40,85,0.471,15,35,0.429,27,43,0.628,10,47,27,8,5,10,25,37,90,0.411,17,42,0.405,25,32,0.781,12,47,19,7,5,14,30,119.4,113.5,102.2,0.506,0.412,0.587,50.0,67.5,7.8,10.4,0.559,8.8,22.2,0.318,0.506,11.9,75.5,0.278,2018,6,3,-5,0.06,-2,-7,0.023999999999999966,2,11,-0.15300000000000002,-2,0,8,1,0,-4,-5
61,30,2017-12-22,2,LAL,GSW,2,106,113,40,94,0.426,11,29,0.379,15,22,0.682,15,46,22,11,5,15,23,42,85,0.494,7,24,0.292,22,27,0.815,10,42,24,9,13,15,17,106.6,113.6,99.5,0.234,0.309,0.511,52.3,55.0,11.1,8.2,0.484,12.6,31.9,0.16,0.535,13.4,75.6,0.259,2018,-7,-2,9,-0.068,4,5,0.08700000000000002,-7,-5,-0.1329999999999999,5,4,-2,2,-8,0,6
62,31,2017-12-23,1,LAL,POR,2,92,95,36,85,0.424,8,25,0.32,12,20,0.6,11,55,23,8,3,17,22,39,95,0.411,10,25,0.4,7,14,0.5,9,47,19,7,8,11,15,92.2,95.2,99.8,0.235,0.294,0.49,53.9,63.9,8.0,4.3,0.471,15.3,22.4,0.141,0.463,9.8,83.0,0.074,2018,-3,-3,-10,0.013000000000000012,-2,0,-0.08000000000000002,5,6,0.09999999999999998,2,8,4,1,-5,6,7
63,32,2017-12-25,1,LAL,MIN,2,104,121,40,92,0.435,10,30,0.333,14,20,0.7,13,37,21,10,1,12,16,49,84,0.583,11,32,0.344,12,14,0.857,7,42,30,9,4,15,13,107.7,125.3,96.5,0.217,0.326,0.516,46.8,52.5,10.4,1.9,0.489,10.6,27.1,0.152,0.649,14.3,77.4,0.143,2018,-17,-9,8,-0.14799999999999996,-1,-2,-0.010999999999999954,2,6,-0.15700000000000003,6,-5,-9,1,-3,-3,3
64,33,2017-12-27,1,LAL,MEM,2,99,109,35,93,0.376,8,28,0.286,21,33,0.636,22,49,14,5,4,11,26,35,71,0.493,5,21,0.238,34,39,0.872,5,37,20,3,9,10,20,108.5,119.5,91.2,0.355,0.301,0.46,57.0,40.0,5.5,8.0,0.419,9.3,40.7,0.226,0.528,10.2,84.4,0.479,2018,-10,0,22,-0.11699999999999999,3,7,0.04799999999999999,-13,-6,-0.236,17,12,-6,2,-5,1,6
65,34,2017-12-29,1,LAL,LAC,2,106,121,46,94,0.489,3,19,0.158,11,16,0.688,11,35,25,7,3,12,22,42,86,0.488,9,32,0.281,28,34,0.824,15,49,23,7,6,13,21,109.1,124.5,97.2,0.17,0.202,0.525,41.7,54.3,7.2,5.6,0.505,10.6,24.4,0.117,0.541,11.4,61.5,0.326,2018,-15,4,8,0.0010000000000000009,-6,-13,-0.12300000000000003,-17,-18,-0.136,-4,-14,2,0,-3,-1,1
66,35,2017-12-31,2,LAL,HOU,2,142,148,53,105,0.505,10,25,0.4,26,37,0.703,15,54,31,6,4,14,32,49,106,0.462,18,52,0.346,32,39,0.821,15,43,29,7,9,11,33,123.5,128.7,95.2,0.352,0.238,0.585,55.7,58.5,5.2,7.4,0.552,10.3,34.9,0.248,0.547,8.2,72.2,0.302,2018,-6,4,-1,0.04299999999999998,-8,-27,0.05400000000000005,-6,-2,-0.118,0,11,2,-1,-5,3,-1
67,36,2018-01-01,2,LAL,MIN,2,96,114,34,76,0.447,8,26,0.308,20,29,0.69,9,37,18,12,4,24,25,40,81,0.494,7,20,0.35,27,30,0.9,7,41,26,14,5,17,24,94.4,112.1,101.7,0.382,0.342,0.541,47.4,52.9,11.8,6.6,0.5,21.3,20.9,0.263,0.537,15.3,80.0,0.333,2018,-18,-6,-5,-0.046999999999999986,1,6,-0.04199999999999998,-7,-1,-0.21000000000000008,2,-4,-8,-2,-1,7,1
68,37,2018-01-03,1,LAL,OKC,2,96,133,38,92,0.413,11,33,0.333,9,15,0.6,16,45,24,5,4,17,10,56,93,0.602,14,30,0.467,7,9,0.778,7,44,36,12,5,9,17,98.2,136.1,97.7,0.163,0.359,0.487,50.6,63.2,5.1,6.3,0.473,14.7,30.2,0.098,0.677,8.5,80.6,0.075,2018,-37,-18,-1,-0.189,-3,3,-0.134,2,6,-0.17800000000000005,9,1,-12,-7,-1,8,-7
69,38,2018-01-05,1,LAL,CHO,2,94,108,38,94,0.404,9,36,0.25,9,12,0.75,12,46,24,7,3,16,19,42,99,0.424,12,33,0.364,12,16,0.75,16,56,26,10,3,14,17,93.6,107.5,100.4,0.128,0.383,0.473,45.1,63.2,7.0,4.5,0.452,13.9,23.1,0.096,0.485,11.7,68.0,0.121,2018,-14,-4,-5,-0.019999999999999962,-3,3,-0.11399999999999999,-3,-4,0.0,-4,-10,-2,-3,0,2,2
70,39,2018-01-07,1,LAL,ATL,1,132,113,48,86,0.558,16,36,0.444,20,25,0.8,6,49,32,13,6,18,25,41,94,0.436,12,34,0.353,19,23,0.826,10,37,22,5,4,15,16,123.3,105.6,107.1,0.291,0.419,0.68,57.0,66.7,12.1,10.0,0.651,15.7,18.2,0.233,0.5,12.6,81.1,0.202,2018,19,7,-8,0.12200000000000005,4,2,0.09100000000000003,1,2,-0.025999999999999912,-4,12,10,8,2,3,9
71,40,2018-01-09,1,LAL,SAC,1,99,86,37,77,0.481,12,35,0.343,13,21,0.619,9,55,30,12,4,25,23,30,87,0.345,8,21,0.381,18,27,0.667,10,43,15,15,4,16,19,97.0,84.3,102.1,0.273,0.455,0.574,56.1,81.1,11.8,6.1,0.558,22.5,21.4,0.169,0.391,13.9,82.1,0.207,2018,13,7,-10,0.136,4,14,-0.03799999999999998,-5,-6,-0.04800000000000004,-1,12,15,-3,0,9,4
72,41,2018-01-11,1,LAL,SAS,1,93,81,36,87,0.414,13,38,0.342,8,14,0.571,12,47,22,15,4,15,17,31,76,0.408,8,20,0.4,11,15,0.733,7,45,21,6,5,20,15,98.7,86.0,94.2,0.161,0.437,0.499,51.1,61.1,15.9,7.1,0.489,13.9,24.0,0.092,0.461,19.5,83.3,0.145,2018,12,5,11,0.006000000000000005,5,18,-0.057999999999999996,-3,-1,-0.16200000000000003,5,2,1,9,-1,-5,2
73,42,2018-01-13,2,LAL,DAL,1,107,101,43,95,0.453,8,26,0.308,13,18,0.722,11,59,24,4,0,14,31,34,90,0.378,11,43,0.256,22,28,0.786,4,39,20,5,1,8,17,103.1,97.4,94.0,0.189,0.274,0.52,60.2,55.8,3.9,0.0,0.495,12.0,23.9,0.137,0.439,7.3,92.3,0.244,2018,6,9,5,0.07500000000000001,-3,-17,0.05199999999999999,-9,-10,-0.06400000000000006,7,20,4,-1,-1,6,14
74,43,2018-01-15,2,LAL,MEM,2,114,123,38,96,0.396,12,35,0.343,26,31,0.839,12,44,25,11,8,13,23,42,82,0.512,10,22,0.455,29,34,0.853,6,48,24,8,8,18,26,106.3,114.7,107.2,0.323,0.365,0.52,47.8,65.8,10.3,13.3,0.458,10.6,22.2,0.271,0.573,15.7,84.2,0.354,2018,-9,-4,14,-0.11599999999999999,2,13,-0.11199999999999999,-3,-3,-0.014000000000000012,6,-4,1,3,0,-5,-3
75,44,2018-01-17,2,LAL,OKC,2,90,114,38,81,0.469,10,26,0.385,4,4,1.0,6,30,25,9,1,16,15,46,95,0.484,12,35,0.343,10,12,0.833,21,54,22,10,6,16,14,98.4,124.7,91.4,0.049,0.321,0.544,35.7,65.8,9.8,1.7,0.531,16.2,15.4,0.049,0.547,13.8,53.3,0.105,2018,-24,-8,-14,-0.015000000000000013,-2,-9,0.04199999999999998,-6,-8,0.16700000000000004,-15,-24,3,-1,-5,0,1
76,45,2018-01-19,1,LAL,IND,1,99,86,44,80,0.55,9,28,0.321,2,14,0.143,6,47,26,7,6,14,17,37,97,0.381,2,25,0.08,10,13,0.769,12,44,15,9,4,9,18,104.1,90.4,95.1,0.175,0.35,0.575,51.6,59.1,7.4,8.3,0.606,14.0,15.8,0.025,0.392,8.1,77.4,0.103,2018,13,7,-17,0.16900000000000004,7,3,0.241,-8,1,-0.626,-6,3,11,-2,2,5,-1
77,46,2018-01-21,1,LAL,NYK,1,127,107,51,91,0.56,10,26,0.385,15,21,0.714,12,39,31,10,3,6,18,44,81,0.543,12,25,0.48,7,10,0.7,7,33,32,3,5,17,20,136.8,115.2,92.9,0.231,0.286,0.633,54.2,60.8,10.8,5.4,0.615,5.6,31.6,0.165,0.617,16.6,79.4,0.086,2018,20,7,10,0.017000000000000015,-2,1,-0.09499999999999997,8,11,0.014000000000000012,5,6,-1,7,-2,-11,-2
78,47,2018-01-23,1,LAL,BOS,1,108,107,40,91,0.44,7,26,0.269,21,36,0.583,14,51,18,6,2,10,16,42,90,0.467,15,44,0.341,8,10,0.8,7,42,22,3,5,11,25,109.8,108.8,98.3,0.396,0.286,0.505,54.8,45.0,6.1,4.3,0.478,8.6,28.6,0.231,0.55,10.4,84.1,0.089,2018,1,-2,1,-0.027000000000000024,-8,-18,-0.07200000000000001,13,26,-0.21700000000000008,7,9,-4,3,-3,-1,-9
79,48,2018-01-26,2,LAL,CHI,1,108,103,41,91,0.451,5,24,0.208,21,28,0.75,10,48,23,6,3,9,23,35,93,0.376,17,36,0.472,16,24,0.667,16,53,21,3,7,13,25,109.6,104.6,98.5,0.308,0.264,0.523,47.5,56.1,6.1,5.3,0.478,8.0,21.3,0.231,0.468,11.2,70.4,0.172,2018,5,6,-2,0.07500000000000001,-12,-12,-0.264,5,4,0.08299999999999996,-6,-5,2,3,-4,-4,-2
80,49,2018-01-28,2,LAL,TOR,2,111,123,40,91,0.44,8,25,0.32,23,33,0.697,13,44,22,9,4,14,21,46,92,0.5,12,31,0.387,19,25,0.76,12,53,23,4,4,14,23,107.1,118.7,103.7,0.363,0.275,0.526,45.4,55.0,8.7,6.6,0.484,11.7,24.1,0.253,0.565,12.0,72.1,0.207,2018,-12,-6,-1,-0.06,-4,-6,-0.067,4,8,-0.06300000000000006,1,-9,-1,5,0,0,-2
81,50,2018-01-31,2,LAL,ORL,2,105,127,39,83,0.47,4,20,0.2,23,30,0.767,11,43,18,7,1,16,18,44,81,0.543,18,32,0.563,21,29,0.724,4,35,28,13,4,14,23,104.5,126.4,100.4,0.361,0.241,0.546,55.1,46.2,7.0,2.0,0.494,14.3,26.2,0.277,0.654,13.0,88.9,0.259,2018,-22,-5,2,-0.07300000000000006,-14,-12,-0.36299999999999993,2,1,0.04300000000000004,7,8,-10,-6,-3,2,-5
82,51,2018-02-02,2,LAL,BRK,1,102,99,39,92,0.424,10,26,0.385,14,20,0.7,18,56,21,5,6,15,18,37,82,0.451,9,29,0.31,16,23,0.696,5,38,20,7,8,11,18,106.5,103.3,95.8,0.217,0.283,0.506,59.6,53.8,5.2,11.3,0.478,13.0,35.3,0.152,0.506,10.7,88.4,0.195,2018,3,2,10,-0.027000000000000024,1,-3,0.07500000000000001,-2,-3,0.0040000000000000036,13,18,1,-2,-2,4,0
83,52,2018-02-04,2,LAL,OKC,1,108,104,42,86,0.488,13,30,0.433,11,18,0.611,8,40,24,6,7,19,20,40,89,0.449,7,25,0.28,17,25,0.68,13,46,17,13,6,17,18,106.0,102.0,101.9,0.209,0.349,0.575,46.5,57.1,5.9,10.9,0.564,16.8,19.5,0.128,0.489,14.5,71.1,0.191,2018,4,2,-3,0.03899999999999998,6,5,0.15299999999999997,-6,-7,-0.06900000000000006,-5,-6,7,-7,1,2,2
84,53,2018-02-06,1,LAL,PHO,1,112,93,39,83,0.47,11,26,0.423,23,26,0.885,12,56,19,7,7,14,21,36,94,0.383,8,29,0.276,13,23,0.565,16,48,24,4,4,11,18,116.5,96.8,96.1,0.313,0.313,0.593,53.8,48.7,7.3,10.8,0.536,12.9,27.3,0.277,0.426,9.6,73.3,0.138,2018,19,3,-11,0.08699999999999997,3,-3,0.14699999999999996,10,3,0.32000000000000006,-4,8,-5,3,3,3,3
85,54,2018-02-08,1,LAL,OKC,1,106,81,42,96,0.438,10,31,0.323,12,13,0.923,13,51,28,5,7,8,19,32,90,0.356,8,34,0.235,9,19,0.474,17,50,16,6,4,13,11,115.0,87.9,92.1,0.135,0.323,0.521,50.5,66.7,5.4,12.5,0.49,7.3,28.3,0.125,0.4,11.7,69.1,0.1,2018,25,10,6,0.08200000000000002,2,-3,0.08800000000000002,3,-6,0.44900000000000007,-4,1,12,-1,3,-5,8
86,55,2018-02-10,2,LAL,DAL,2,123,130,46,84,0.548,16,34,0.471,15,22,0.682,9,37,29,7,0,17,25,48,89,0.539,12,27,0.444,22,27,0.815,10,40,32,8,3,9,21,124.4,131.5,98.8,0.262,0.405,0.656,48.1,63.0,7.1,0.0,0.643,15.4,23.1,0.179,0.607,8.2,73.7,0.247,2018,-7,-2,-5,0.009000000000000008,4,7,0.02699999999999997,-7,-5,-0.1329999999999999,-1,-3,-3,-1,-3,8,4
87,56,2018-02-14,2,LAL,NOP,2,117,139,46,90,0.511,10,22,0.455,15,18,0.833,7,37,26,5,3,20,21,53,99,0.535,14,32,0.438,19,21,0.905,12,48,35,13,7,11,20,109.4,130.0,106.9,0.2,0.244,0.597,43.5,56.5,4.7,4.5,0.567,17.0,16.3,0.167,0.606,9.2,71.4,0.192,2018,-22,-7,-9,-0.02400000000000002,-4,-10,0.017000000000000015,-4,-3,-0.07200000000000006,-5,-11,-9,-8,-4,9,1
88,57,2018-02-15,2,LAL,MIN,2,111,119,43,94,0.457,7,31,0.226,18,26,0.692,11,46,19,6,4,13,26,42,90,0.467,6,24,0.25,29,31,0.935,11,46,23,5,10,10,22,108.6,116.4,102.2,0.277,0.33,0.526,50.0,44.2,5.9,6.1,0.495,11.0,23.9,0.191,0.5,8.8,76.1,0.322,2018,-8,1,4,-0.010000000000000009,1,7,-0.023999999999999994,-11,-5,-0.2430000000000001,0,0,-4,1,-6,3,4
89,58,2018-02-23,1,LAL,DAL,1,124,102,48,93,0.516,13,33,0.394,15,20,0.75,13,62,32,8,6,16,17,37,91,0.407,19,42,0.452,9,11,0.818,3,29,25,9,8,11,19,121.6,100.0,102.0,0.215,0.355,0.609,68.1,66.7,7.8,12.2,0.586,13.6,33.3,0.161,0.511,10.3,94.2,0.099,2018,22,11,2,0.10900000000000004,-6,-9,-0.057999999999999996,6,9,-0.06799999999999995,10,33,7,-1,-2,5,-2
90,59,2018-02-24,2,LAL,SAC,1,113,108,41,91,0.451,17,38,0.447,14,20,0.7,12,44,26,5,6,10,18,42,94,0.447,13,25,0.52,11,17,0.647,17,48,28,5,5,11,21,121.1,115.8,93.3,0.22,0.418,0.566,47.8,63.4,5.4,8.7,0.544,9.1,27.9,0.154,0.516,9.8,65.3,0.117,2018,5,-1,-3,0.0040000000000000036,4,13,-0.07300000000000001,3,3,0.052999999999999936,-5,-4,-2,0,1,-1,-3
91,60,2018-02-26,2,LAL,ATL,1,123,104,47,90,0.522,15,33,0.455,14,19,0.737,10,59,28,8,6,23,23,36,96,0.375,8,36,0.222,24,34,0.706,8,41,21,14,3,11,17,111.1,93.9,110.7,0.211,0.367,0.625,59.0,59.6,7.2,10.0,0.606,19.0,23.3,0.156,0.417,9.0,86.0,0.25,2018,19,11,-6,0.14700000000000002,7,-3,0.233,-10,-15,0.031000000000000028,2,18,7,-6,3,12,6
92,61,2018-03-01,2,LAL,MIA,1,131,113,47,79,0.595,16,29,0.552,21,26,0.808,6,36,29,9,5,13,17,46,95,0.484,9,31,0.29,12,16,0.75,14,40,23,6,5,11,21,136.7,117.9,95.8,0.329,0.367,0.724,47.4,61.7,9.4,7.8,0.696,12.6,18.8,0.266,0.532,9.7,68.2,0.126,2018,18,1,-16,0.11099999999999999,7,-2,0.26200000000000007,9,10,0.05800000000000005,-8,-4,6,3,0,2,-4
93,62,2018-03-03,2,LAL,SAS,1,116,112,40,92,0.435,15,34,0.441,21,27,0.778,10,46,26,10,4,15,21,44,98,0.449,7,30,0.233,17,20,0.85,12,50,28,10,5,16,19,108.5,104.8,106.9,0.293,0.37,0.558,47.9,65.0,9.4,5.9,0.516,12.6,20.8,0.228,0.485,13.0,75.0,0.173,2018,4,-4,-6,-0.014000000000000012,8,4,0.208,4,7,-0.07199999999999995,-2,-4,-2,0,-1,-1,2
94,63,2018-03-05,1,LAL,POR,2,103,108,34,87,0.391,11,37,0.297,24,31,0.774,7,47,20,9,7,10,24,35,83,0.422,10,23,0.435,28,38,0.737,7,50,19,6,5,14,25,100.0,104.8,103.0,0.356,0.425,0.512,48.5,58.8,8.7,11.7,0.454,9.0,14.0,0.276,0.482,12.3,85.1,0.337,2018,-5,-1,4,-0.030999999999999972,1,14,-0.138,-4,-7,0.03700000000000003,0,-3,1,3,2,-4,-1
95,64,2018-03-07,1,LAL,ORL,1,108,107,43,88,0.489,11,33,0.333,11,12,0.917,7,39,27,7,3,14,16,42,84,0.5,12,28,0.429,11,19,0.579,8,43,31,5,4,16,22,109.4,108.4,98.7,0.136,0.375,0.579,47.6,62.8,7.1,5.4,0.551,13.0,16.7,0.125,0.571,14.8,80.0,0.131,2018,1,1,4,-0.01100000000000001,-1,5,-0.09599999999999997,0,-7,0.3380000000000001,-1,-4,-4,2,-1,-2,-6
96,65,2018-03-09,2,LAL,DEN,2,116,125,45,92,0.489,14,35,0.4,12,16,0.75,12,44,25,8,6,15,23,42,83,0.506,15,31,0.484,26,30,0.867,7,36,30,10,6,12,16,117.3,126.4,98.9,0.174,0.38,0.586,55.0,55.6,8.1,11.5,0.565,13.2,29.3,0.13,0.596,11.1,82.1,0.313,2018,-9,3,9,-0.017000000000000015,-1,4,-0.08399999999999996,-14,-14,-0.11699999999999999,5,8,-5,-2,0,3,7
97,66,2018-03-11,1,LAL,CLE,1,127,113,48,96,0.5,13,34,0.382,18,20,0.9,14,51,30,9,4,13,19,41,88,0.466,12,31,0.387,19,23,0.826,7,37,22,4,5,12,18,125.8,112.0,100.9,0.208,0.354,0.606,58.0,62.5,8.9,7.0,0.568,11.0,31.8,0.188,0.534,10.9,84.1,0.216,2018,14,7,8,0.033999999999999975,1,3,-0.0050000000000000044,-1,-3,0.07400000000000007,7,14,8,5,-1,1,1
98,67,2018-03-13,1,LAL,DEN,1,112,103,40,90,0.444,15,40,0.375,17,25,0.68,12,52,20,6,3,15,23,38,86,0.442,13,40,0.325,14,19,0.737,5,44,26,12,4,19,26,107.0,98.4,104.7,0.278,0.444,0.554,54.2,50.0,5.7,6.5,0.528,12.9,23.5,0.189,0.517,16.8,88.9,0.163,2018,9,2,4,0.0020000000000000018,2,0,0.04999999999999999,3,6,-0.05699999999999994,7,8,-6,-6,-1,-4,-3
99,68,2018-03-14,2,LAL,GSW,2,106,117,38,84,0.452,12,38,0.316,18,28,0.643,7,35,24,11,8,14,19,44,81,0.543,6,20,0.3,23,28,0.821,11,50,25,8,6,21,24,104.1,114.9,101.9,0.333,0.452,0.55,41.2,63.2,10.8,13.1,0.524,12.7,15.2,0.214,0.58,18.4,71.8,0.284,2018,-11,-6,3,-0.09100000000000003,6,18,0.016000000000000014,-5,0,-0.17799999999999994,-4,-15,-1,3,2,-7,-5
100,69,2018-03-16,1,LAL,MIA,2,91,92,32,76,0.421,9,19,0.474,18,22,0.818,7,49,22,5,4,20,17,36,94,0.383,10,36,0.278,10,14,0.714,12,43,23,14,6,11,18,94.3,95.4,96.5,0.289,0.25,0.531,53.3,68.8,5.2,6.9,0.48,18.9,18.4,0.237,0.436,9.9,77.8,0.106,2018,-1,-4,-18,0.03799999999999998,-1,-17,0.19599999999999995,8,8,0.10399999999999998,-5,6,-1,-9,-2,9,-1
101,70,2018-03-19,2,LAL,IND,2,100,110,38,86,0.442,8,33,0.242,16,23,0.696,14,47,20,4,3,13,18,43,87,0.494,6,21,0.286,18,19,0.947,9,44,24,9,8,6,16,108.7,119.5,92.0,0.267,0.384,0.52,51.6,52.6,4.3,4.5,0.488,11.9,28.6,0.186,0.529,5.9,78.6,0.207,2018,-10,-5,-1,-0.05199999999999999,2,12,-0.043999999999999984,-2,4,-0.251,5,3,-4,-5,-5,7,2
102,71,2018-03-22,2,LAL,NOP,2,125,128,43,87,0.494,17,39,0.436,22,28,0.786,7,40,19,4,3,16,20,52,95,0.547,6,24,0.25,18,22,0.818,8,42,28,13,4,9,19,119.1,121.9,105.0,0.322,0.448,0.629,48.8,44.2,3.8,4.2,0.592,13.9,17.1,0.253,0.579,7.9,80.5,0.189,2018,-3,-9,-8,-0.05300000000000005,11,15,0.186,4,6,-0.03199999999999992,-1,-2,-9,-9,-1,7,1
103,72,2018-03-24,2,LAL,MEM,1,100,93,35,86,0.407,13,38,0.342,17,25,0.68,11,44,19,7,2,11,20,35,84,0.417,5,29,0.172,18,22,0.818,11,43,20,7,6,10,21,109.4,101.8,91.4,0.291,0.442,0.515,50.6,54.3,7.7,3.6,0.483,10.2,25.6,0.198,0.446,9.6,75.0,0.214,2018,7,0,2,-0.010000000000000009,8,9,0.17000000000000004,-1,3,-0.1379999999999999,0,1,-1,0,-4,1,-1
104,73,2018-03-26,2,LAL,DET,2,106,112,40,85,0.471,6,23,0.261,20,25,0.8,6,47,29,3,7,10,20,44,100,0.44,13,33,0.394,11,15,0.733,10,50,21,4,2,7,26,106.0,112.0,100.0,0.294,0.271,0.552,48.5,72.5,3.0,10.4,0.506,9.4,13.0,0.235,0.505,6.2,80.4,0.11,2018,-6,-4,-15,0.030999999999999972,-7,-10,-0.133,9,10,0.06700000000000006,-4,-3,8,-1,5,3,-6
105,74,2018-03-28,1,LAL,DAL,1,103,93,36,77,0.468,9,33,0.273,22,32,0.688,7,49,25,6,5,15,16,33,84,0.393,13,44,0.295,14,19,0.737,6,40,17,10,1,10,22,107.2,96.8,96.0,0.416,0.429,0.565,55.1,69.4,6.2,12.5,0.526,14.1,17.1,0.286,0.47,9.8,87.5,0.167,2018,10,3,-7,0.07500000000000001,-4,-11,-0.021999999999999964,8,13,-0.049000000000000044,1,9,8,-4,4,5,-6
106,75,2018-03-30,1,LAL,MIL,2,122,124,48,94,0.511,8,27,0.296,18,25,0.72,15,56,33,5,3,18,23,45,94,0.479,11,29,0.379,23,28,0.821,8,39,24,14,6,12,25,113.7,115.6,97.2,0.266,0.287,0.581,58.9,68.8,4.7,4.6,0.553,14.6,32.6,0.191,0.537,10.1,83.7,0.245,2018,-2,3,0,0.03200000000000003,-3,-2,-0.08300000000000002,-5,-3,-0.10099999999999998,7,17,9,-9,-3,6,-2
107,76,2018-04-01,1,LAL,SAC,2,83,84,30,75,0.4,7,32,0.219,16,25,0.64,10,47,18,5,6,14,15,35,92,0.38,7,24,0.292,7,14,0.5,13,47,17,9,5,10,20,92.3,93.4,89.9,0.333,0.427,0.483,50.0,60.0,5.6,8.8,0.447,14.0,22.7,0.213,0.418,9.2,74.0,0.076,2018,-1,-5,-17,0.020000000000000018,0,8,-0.07299999999999998,9,11,0.14,-3,0,1,-4,1,4,-5
108,77,2018-04-03,2,LAL,UTA,2,110,117,36,74,0.486,14,28,0.5,24,36,0.667,7,39,23,7,5,16,23,43,89,0.483,14,33,0.424,17,27,0.63,14,47,29,10,5,14,22,112.2,119.3,98.1,0.486,0.378,0.612,45.3,63.9,7.1,8.9,0.581,15.1,17.5,0.324,0.562,12.2,69.6,0.191,2018,-7,-7,-15,0.0030000000000000027,0,-5,0.07600000000000001,7,9,0.03700000000000003,-7,-8,-6,-3,0,2,1
109,78,2018-04-04,1,LAL,SAS,1,122,112,47,86,0.547,13,24,0.542,15,18,0.833,4,44,32,4,3,13,22,42,97,0.433,9,23,0.391,19,27,0.704,15,46,25,7,5,10,20,120.1,110.2,92.0,0.209,0.279,0.649,48.9,68.1,3.9,4.1,0.622,12.2,11.4,0.174,0.479,8.4,72.7,0.196,2018,10,5,-11,0.11400000000000005,4,1,0.15100000000000002,-4,-9,0.129,-11,-2,7,-3,-2,3,2
110,79,2018-04-06,1,LAL,MIN,2,96,113,31,79,0.392,8,24,0.333,26,32,0.813,13,53,16,3,2,20,21,43,100,0.43,8,26,0.308,19,26,0.731,18,48,25,14,8,5,24,99.6,117.3,96.4,0.405,0.304,0.516,52.5,51.6,3.1,2.7,0.443,17.7,30.2,0.329,0.47,4.3,69.0,0.19,2018,-17,-12,-21,-0.03799999999999998,0,-2,0.025000000000000022,7,6,0.08199999999999996,-5,5,-9,-11,-6,15,-3
111,80,2018-04-08,1,LAL,UTA,2,97,112,37,93,0.398,5,25,0.2,18,22,0.818,12,44,20,8,4,12,22,42,83,0.506,13,36,0.361,15,22,0.682,7,45,35,8,4,18,24,96.4,111.3,100.7,0.237,0.269,0.472,49.4,54.1,7.9,8.5,0.425,10.5,24.0,0.194,0.584,16.3,82.1,0.181,2018,-15,-5,10,-0.10799999999999998,-8,-11,-0.16099999999999998,3,0,0.1359999999999999,5,-1,-15,0,0,-6,-2
112,81,2018-04-10,1,LAL,HOU,2,99,105,38,90,0.422,10,36,0.278,13,15,0.867,9,47,22,14,4,17,19,37,88,0.42,16,47,0.34,15,16,0.938,8,49,19,9,5,18,19,96.2,102.0,102.9,0.167,0.4,0.512,49.0,57.9,13.6,9.8,0.478,15.0,18.0,0.144,0.511,15.9,82.6,0.17,2018,-6,1,2,0.0020000000000000018,-6,-11,-0.062,-2,-1,-0.07099999999999995,1,-2,3,5,-1,-1,0
113,82,2018-04-11,2,LAL,LAC,1,115,100,42,88,0.477,17,39,0.436,14,16,0.875,10,49,25,8,6,17,23,41,83,0.494,6,18,0.333,12,28,0.429,8,41,27,8,1,17,17,113.0,98.3,101.8,0.182,0.443,0.605,54.4,59.5,7.9,9.2,0.574,15.2,23.3,0.159,0.53,15.1,83.0,0.145,2018,15,1,5,-0.017000000000000015,11,21,0.10299999999999998,2,-12,0.446,2,8,-2,0,5,0,6
